0 0 0 0 0 0 0 0 0 0 0 0 0 0 0 0 0 0 0 0 0 0 0 0 
0 0 0 0 0 0 0 0 0 0 0 0 0 0 0 0 0 0 0 0 0 0 0 0 
0 0 0 0 0 0 0 0 0 0 0 0 0 0 0 0 0 0 0 0 0 0 0 0 
0 0 0 0 0 0 0 0 0 0 0 0 0 0 0 0 0 0 0 0 0 0 0 0 
0 0 0 0 0 0 0 0 0 0 61 62 62 63 0 0 0 0 0 0 0 0 0 0 
0 0 0 0 0 0 0 0 0 0 61 62 62 63 0 0 0 0 0 0 0 0 0 0 
0 0 0 0 0 0 0 0 0 0 8 9 9 9 0 0 0 0 0 0 0 0 0 0 
0 0 0 0 0 0 0 0 0 0 8 9 9 9 0 0 0 0 0 0 0 0 0 0 
0 0 0 0 0 0 0 0 0 0 8 9 9 9 0 0 0 0 0 0 0 0 0 0 
0 0 0 0 0 0 0 0 0 0 8 9 9 9 0 0 0 0 0 0 0 0 0 0 
0 0 0 0 0 0 0 0 0 0 8 9 9 9 0 0 0 0 0 0 0 0 0 0 
0 0 0 0 0 0 0 0 0 0 9 9 9 9 0 0 0 0 0 0 0 0 0 0 
0 0 0 0 0 0 0 0 0 0 0 0 0 0 0 0 0 0 0 0 0 0 0 0 
0 0 0 0 0 0 0 0 0 0 0 0 0 0 0 0 0 0 0 0 0 0 0 0 
0 0 0 0 0 0 0 0 0 0 0 0 0 0 0 0 0 0 0 0 0 0 0 0 
0 0 0 0 0 0 0 0 0 0 0 0 0 0 0 0 0 0 0 0 0 0 0 0 
